[gd_scene load_steps=16 format=3 uid="uid://bym3yorjpd7o0"]

[ext_resource type="Material" uid="uid://cd3ro3sgyx4sc" path="res://levels/checker.tres" id="1_n7h15"]
[ext_resource type="PackedScene" uid="uid://c2g8ay3l7q5ka" path="res://elements/fake_bonfire.tscn" id="1_u4771"]
[ext_resource type="PackedScene" uid="uid://dwxn84xxqfw43" path="res://elements/bonfire.tscn" id="2_7l71w"]
[ext_resource type="Texture2D" uid="uid://de6hgubpjqkyd" path="res://textures/sky_overcast.hdr" id="2_wgus8"]
[ext_resource type="Script" path="res://levels/canals/killbox.gd" id="2_y0g6y"]
[ext_resource type="PackedScene" uid="uid://b2y838yn3n1hp" path="res://levels/mansion/spruce.tscn" id="3_vbemq"]
[ext_resource type="PackedScene" uid="uid://7wwqfu8hnfim" path="res://elements/loot.tscn" id="6_jvs36"]
[ext_resource type="PackedScene" uid="uid://elwffry3d5mk" path="res://levels/mansion/pretty_doorframe.tscn" id="8_pjjs2"]
[ext_resource type="PackedScene" uid="uid://gtlb8cwlca4s" path="res://levels/mansion/pretty_window.tscn" id="9_jkq8e"]

[sub_resource type="PanoramaSkyMaterial" id="PanoramaSkyMaterial_n520a"]
panorama = ExtResource("2_wgus8")
energy_multiplier = 0.14

[sub_resource type="Sky" id="Sky_ck4c8"]
sky_material = SubResource("PanoramaSkyMaterial_n520a")

[sub_resource type="Environment" id="Environment_3havf"]
background_mode = 2
background_energy_multiplier = 0.15
sky = SubResource("Sky_ck4c8")
sky_rotation = Vector3(0, -1.69297, 0)
ambient_light_color = Color(0.856807, 0.873151, 0.719027, 1)
ambient_light_sky_contribution = 0.89
tonemap_mode = 3
tonemap_white = 8.0
glow_normalized = true
fog_mode = 1
fog_density = 1.0
fog_sky_affect = 0.525
fog_height = -3.2
fog_height_density = 0.388
volumetric_fog_enabled = true
volumetric_fog_density = 0.004
volumetric_fog_emission = Color(0.576471, 0.545098, 0.505882, 1)
volumetric_fog_sky_affect = 0.0

[sub_resource type="StandardMaterial3D" id="StandardMaterial3D_3xrkw"]
transparency = 1
albedo_color = Color(0, 0.407843, 0.67451, 0.894118)
metallic = 0.6
roughness = 0.15
ao_light_affect = 1.0
refraction_scale = 0.08

[sub_resource type="PlaneMesh" id="PlaneMesh_ev10t"]
material = SubResource("StandardMaterial3D_3xrkw")
size = Vector2(250, 250)

[sub_resource type="BoxShape3D" id="BoxShape3D_ecqtp"]
size = Vector3(115, 1, 150)

[node name="Mansion" type="Node3D"]

[node name="spawn" parent="." instance=ExtResource("1_u4771")]
transform = Transform3D(0.996195, 0, 0.0871558, 0, 1, 0, -0.0871558, 0, 0.996195, 0.577736, -3.5, 45.4689)

[node name="spawn_debug" parent="." instance=ExtResource("1_u4771")]
transform = Transform3D(0.173648, 0, 0.984808, 0, 1, 0, -0.984808, 0, 0.173648, 15.9303, 0.5, 0.186466)

[node name="entrance" parent="." instance=ExtResource("2_7l71w")]
transform = Transform3D(-0.326657, 0, -0.945143, 0, 1, 0, 0.945143, 0, -0.326657, 14.1075, 3.55, -35.9898)
bonfire_name = "Mansion, Entrance"

[node name="Loot" parent="." instance=ExtResource("6_jvs36")]
transform = Transform3D(1, 3.72529e-08, 0, 2.23517e-08, 1, -2.98023e-08, 0, -2.98023e-08, 1, 16.404, -2.17307, -33.4679)

[node name="WorldEnvironment" type="WorldEnvironment" parent="."]
environment = SubResource("Environment_3havf")

[node name="Wotah" type="MeshInstance3D" parent="."]
transform = Transform3D(1, 0, 0, 0, 1, 0, 0, 0, 1, 0, -4, 0)
mesh = SubResource("PlaneMesh_ev10t")

[node name="ReflectionProbe" type="ReflectionProbe" parent="."]
size = Vector3(100, 20, 99)
origin_offset = Vector3(4.644, 3.325, 27.707)
enable_shadows = true

[node name="WotahKillbox" type="Area3D" parent="."]
transform = Transform3D(1, 0, 0, 0, 1, 0, 0, 0, 1, 0, -3.87158, 0)
script = ExtResource("2_y0g6y")

[node name="CollisionShape3D" type="CollisionShape3D" parent="WotahKillbox"]
shape = SubResource("BoxShape3D_ecqtp")

[node name="WotahGround" type="CSGBox3D" parent="."]
transform = Transform3D(1, 0, 0, 0, 1, 0, 0, 0, 1, 0, -5.8, 0)
use_collision = true
size = Vector3(250, 1, 250)
material = ExtResource("1_n7h15")

[node name="BigStone" type="Node3D" parent="."]
transform = Transform3D(0.93775, 0, 0.347312, 0, 1, 0, -0.347312, 0, 0.93775, -31.2796, -4, 0.0840677)

[node name="Spruce" parent="BigStone" instance=ExtResource("3_vbemq")]
transform = Transform3D(0.7, 0, 0, 0, 0.7, 0, 0, 0, 0.7, -1.90783, 2.06913, 1.22383)

[node name="Spruce2" parent="BigStone" instance=ExtResource("3_vbemq")]
transform = Transform3D(0.6, 0, -1.49012e-08, 0, 0.6, 0, 1.49012e-08, 0, 0.6, 2.50242, 1.60547, -1.22892)

[node name="CSGBox3D" type="CSGBox3D" parent="BigStone"]
transform = Transform3D(0.79429, 0.606743, 0.0310961, -0.282207, 0.413798, -0.865523, -0.538017, 0.678701, 0.499903, -0.168726, -2.33237, -0.182667)
use_collision = true
size = Vector3(10, 8, 8)
material = ExtResource("1_n7h15")

[node name="CSGBox3D2" type="CSGBox3D" parent="BigStone/CSGBox3D"]
transform = Transform3D(0.861202, -0.508272, -0.00529054, 0.224062, 0.370243, 0.901509, -0.456264, -0.777548, 0.432728, -3.87909, 1.89043, -4.28149)
operation = 2
size = Vector3(6.72705, 2.54785, 7.47552)

[node name="Island1" type="Node3D" parent="."]

[node name="Land" type="CSGCylinder3D" parent="Island1"]
transform = Transform3D(1, 0, 0, 0, 1, 0, 0, 0, 1, 0, -3, 0)
use_collision = true
radius = 15.0
height = 6.0
sides = 32
material = ExtResource("1_n7h15")

[node name="GrottoL" type="CSGCylinder3D" parent="Island1/Land"]
transform = Transform3D(0.998444, -0.0557692, 0, -2.43775e-09, -4.36434e-08, -1, 0.0557692, 0.998444, -4.37114e-08, -3.81117, -1.59182, 11.2318)
operation = 2
radius = 2.27747
height = 8.0

[node name="GrottoR" type="CSGCylinder3D" parent="Island1/Land"]
transform = Transform3D(0.992959, 0.118456, 0, 5.17787e-09, -4.34036e-08, -1, -0.118456, 0.992959, -4.37114e-08, 1.05211, -1.73926, 10.3293)
operation = 2
radius = 1.78548
height = 10.0

[node name="Fountain" type="CSGCylinder3D" parent="Island1"]
transform = Transform3D(1, 0, 0, 0, 1, 0, 0, 0, 1, 0, 0.4, 0)
use_collision = true
radius = 3.0
height = 1.0
sides = 20
material = ExtResource("1_n7h15")

[node name="Fountain2" type="CSGCylinder3D" parent="Island1/Fountain"]
transform = Transform3D(1, 0, 0, 0, 1, 0, 0, 0, 1, 0, 0.115233, 0)
operation = 2
use_collision = true
radius = 2.8
height = 1.0
sides = 20
material = ExtResource("1_n7h15")

[node name="EntranceUp" type="CSGBox3D" parent="Island1"]
transform = Transform3D(1, 0, 0, 0, 1, 0, 0, 0, 1, 16, -3.00645, 0)
use_collision = true
size = Vector3(3, 6, 3)
material = ExtResource("1_n7h15")

[node name="EntranceStairs" type="CSGBox3D" parent="Island1"]
transform = Transform3D(1, 0, 0, 0, 0.866025, -0.5, 0, 0.5, 0.866025, 16, -3.4832, 3.52277)
use_collision = true
size = Vector3(2.86157, 4, 7)
material = ExtResource("1_n7h15")

[node name="EntrancePath2" type="CSGBox3D" parent="Island1"]
transform = Transform3D(1, 0, 0, 0, 1, 0, 0, 0, 1, 16, -5.80645, 9.75)
use_collision = true
size = Vector3(3, 6, 7.5)
material = ExtResource("1_n7h15")

[node name="EntrancePath3" type="CSGBox3D" parent="Island1"]
transform = Transform3D(0.996195, 0, -0.0871557, 0, 1, 0, 0.0871557, 0, 0.996195, 15.7449, -5.82392, 16.2996)
use_collision = true
size = Vector3(3, 6, 6)
material = ExtResource("1_n7h15")

[node name="EntrancePath4" type="CSGBox3D" parent="Island1"]
transform = Transform3D(0.965926, 0, -0.258819, 0, 1, 0, 0.258819, 0, 0.965926, 14.7272, -5.80645, 21.8904)
use_collision = true
size = Vector3(3, 6, 6)
material = ExtResource("1_n7h15")

[node name="EntrancePath5" type="CSGBox3D" parent="Island1"]
transform = Transform3D(0.906308, 0, -0.422618, 0, 1, 0, 0.422618, 0, 0.906308, 12.7805, -5.81908, 27.2296)
use_collision = true
size = Vector3(3, 6, 6)
material = ExtResource("1_n7h15")

[node name="EntrancePath6" type="CSGBox3D" parent="Island1"]
transform = Transform3D(0.819152, 0, -0.573576, 0, 1, 0, 0.573576, 0, 0.819152, 5.59737, -5.80645, 38.3208)
use_collision = true
size = Vector3(3, 6, 21)
material = ExtResource("1_n7h15")

[node name="Island2" type="Node3D" parent="."]
transform = Transform3D(1, 0, 0, 0, 1, 0, 0, 0, 1, -10.8, 2.5, -20.6)

[node name="Land" type="CSGCylinder3D" parent="Island2"]
transform = Transform3D(1, 0, 0, 0, 1, 0, 0, 0, 1, 0, -4, 0)
use_collision = true
radius = 10.0
height = 8.0
sides = 32
material = ExtResource("1_n7h15")

[node name="Stairs" type="CSGCylinder3D" parent="Island2"]
transform = Transform3D(1, 0, 0, 0, 1, 0, 0, 0, 1, 4.6, -3.00194, 10.6)
use_collision = true
radius = 5.5
height = 6.0
sides = 32
material = ExtResource("1_n7h15")

[node name="CSGBox3D" type="CSGBox3D" parent="Island2/Stairs"]
transform = Transform3D(0.906308, 0.211309, 0.365998, 0, 0.866025, -0.5, -0.422618, 0.453154, 0.784886, 0.850359, 2.96178, 1.8236)
operation = 2
size = Vector3(11.5588, 3.66321, 8.52332)
material = ExtResource("1_n7h15")

[node name="Balcony" type="Node3D" parent="Island2"]
transform = Transform3D(1, 0, 0, 0, 1, 0, 0, 0, 1, 4.6, -3.01122, 10.6)

[node name="Stairs2" type="CSGCylinder3D" parent="Island2/Balcony"]
operation = 2
use_collision = true
radius = 3.0
height = 6.0
sides = 32
material = ExtResource("1_n7h15")

[node name="Stairs3" type="CSGCylinder3D" parent="Island2/Balcony"]
transform = Transform3D(1, 0, 0, 0, 1, 0, 0, 0, 1, 0, 6.0591, 0)
operation = 2
use_collision = true
radius = 3.0
height = 0.2
sides = 32
material = ExtResource("1_n7h15")

[node name="Stairs5" type="CSGCylinder3D" parent="Island2/Balcony"]
transform = Transform3D(1, 0, 0, 0, 1, 0, 0, 0, 1, 0, 6.2591, 0)
operation = 2
use_collision = true
radius = 3.1
height = 0.2
sides = 32
material = ExtResource("1_n7h15")

[node name="Stairs4" type="CSGCylinder3D" parent="Island2/Balcony"]
transform = Transform3D(1, 0, 0, 0, 1, 0, 0, 0, 1, 0, 7.62997, 0)
operation = 2
use_collision = true
radius = 2.8
height = 3.0
sides = 32
cone = true
material = ExtResource("1_n7h15")

[node name="Column" type="CSGCylinder3D" parent="Island2/Balcony"]
transform = Transform3D(0.939693, 0, -0.34202, 0, 1, 0, 0.34202, 0, 0.939693, -2.63114, 4.53044, -0.957657)
operation = 2
use_collision = true
radius = 0.15
height = 3.3
sides = 32
material = ExtResource("1_n7h15")

[node name="Column2" type="CSGCylinder3D" parent="Island2/Balcony"]
transform = Transform3D(0.939693, 0, -0.34202, 0, 1, 0, 0.34202, 0, 0.939693, 2.63114, 4.53044, 0.957656)
operation = 2
use_collision = true
radius = 0.15
height = 3.3
sides = 32
material = ExtResource("1_n7h15")

[node name="Column3" type="CSGCylinder3D" parent="Island2/Balcony"]
transform = Transform3D(0.34202, 0, 0.939693, 0, 1, 0, -0.939693, 0, 0.34202, -0.957656, 4.53044, 2.63114)
operation = 2
use_collision = true
radius = 0.15
height = 3.3
sides = 32
material = ExtResource("1_n7h15")

[node name="Column4" type="CSGCylinder3D" parent="Island2/Balcony"]
transform = Transform3D(0.34202, 0, 0.939693, 0, 1, 0, -0.939693, 0, 0.34202, 0.957657, 4.53044, -2.63114)
operation = 2
use_collision = true
radius = 0.15
height = 3.3
sides = 32
material = ExtResource("1_n7h15")

[node name="Island3" type="Node3D" parent="."]
transform = Transform3D(1, 0, 0, 0, 1, 0, 0, 0, 1, -10, 6.5, -44)

[node name="Land2" type="CSGCylinder3D" parent="Island3"]
transform = Transform3D(1, 0, 0, 0, 1, 0, 0, 0, 1, 0, -6, 0)
use_collision = true
radius = 15.0
height = 12.0
sides = 32
material = ExtResource("1_n7h15")

[node name="StairsCut" type="CSGBox3D" parent="Island3/Land2"]
transform = Transform3D(0.836516, 0.482963, -0.258819, -0.5, 0.866025, -1.49012e-08, 0.224144, 0.12941, 0.965926, 13.4101, 5.69333, 4.59688)
operation = 2
use_collision = true
size = Vector3(4.50537, 1.4, 2.5)
material = ExtResource("1_n7h15")

[node name="Stairs" type="CSGCylinder3D" parent="Island3"]
transform = Transform3D(0.866025, 0, -0.5, 0, 1, 0, 0.5, 0, 0.866025, -0.4, -3.00194, 16.6)
use_collision = true
radius = 8.0
height = 6.0
sides = 32
material = ExtResource("1_n7h15")

[node name="CSGBox3D" type="CSGBox3D" parent="Island3/Stairs"]
transform = Transform3D(0.906314, 0.211311, 0.365998, 0, 0.866025, -0.5, -0.422622, 0.453157, 0.784886, 1.12542, 3.78265, 2.41345)
operation = 2
size = Vector3(16.7087, 6.15909, 14.9765)
material = ExtResource("1_n7h15")

[node name="Stairs2" type="CSGCylinder3D" parent="Island3/Stairs"]
transform = Transform3D(1, 0, 0, 0, 1, 0, 0, 0, 1, 0, 0.118259, 0)
operation = 2
use_collision = true
radius = 5.2
height = 7.26901
sides = 32
material = ExtResource("1_n7h15")

[node name="Island4" type="Node3D" parent="."]
transform = Transform3D(1, 0, 0, 0, 1, 0, 0, 0, 1, 10, 3.5, -37)

[node name="Floating" type="CSGBox3D" parent="Island4"]
transform = Transform3D(0.93986, 0.340923, 0.0208472, -0.325734, 0.876278, 0.355014, 0.102764, -0.340454, 0.934629, 6.84369, -7.09986, 2.83394)
use_collision = true
size = Vector3(1.71655, 1.78577, 2.20135)
material = ExtResource("1_n7h15")

[node name="Floating2" type="CSGBox3D" parent="Island4"]
transform = Transform3D(0.651832, 0.633253, 0.417261, -0.346323, 0.738052, -0.579085, -0.674667, 0.232958, 0.700396, 9.17317, -5.05245, -0.335796)
use_collision = true
size = Vector3(1.91785, 1.78577, 2.20135)
material = ExtResource("1_n7h15")

[node name="Land2" type="CSGCylinder3D" parent="Island4"]
transform = Transform3D(1, 0, 0, 0, 1, 0, 0, 0, 1, 0, -6, 0)
use_collision = true
radius = 8.0
height = 12.0
sides = 32
material = ExtResource("1_n7h15")

[node name="CSGBox3D" type="CSGBox3D" parent="Island4/Land2"]
transform = Transform3D(0.905998, 0, -0.423283, 0, 1, 0, 0.423283, 0, 0.905998, 7.17041, -1.32939, 4.12887)
operation = 2
size = Vector3(8, 5.8291, 16.5615)

[node name="CSGBox3D3" type="CSGBox3D" parent="Island4/Land2"]
transform = Transform3D(0.833286, 0.52557, 0.171499, -0.521477, 0.644227, 0.559494, 0.183569, -0.55565, 0.810898, 5.96231, -2.13036, 3.14099)
operation = 2
size = Vector3(8, 5.8291, 6.10059)

[node name="CSGBox3D2" type="CSGBox3D" parent="Island4/Land2"]
transform = Transform3D(0.392509, 0.816559, -0.423283, -0.901281, 0.433234, -7.70445e-09, 0.183381, 0.381497, 0.905998, 8.66992, -0.163225, 4.82943)
operation = 2
size = Vector3(8, 8.4104, 16.5615)

[node name="CSGBox3D2" type="CSGBox3D" parent="Island4"]
transform = Transform3D(0.836516, 0.482963, -0.258819, -0.5, 0.866025, -1.49012e-08, 0.224144, 0.12941, 0.965926, -5.00841, 0.12475, -1.97938)
use_collision = true
size = Vector3(4, 1.4, 2.5)
material = ExtResource("1_n7h15")

[node name="Rotonda" type="Node3D" parent="Island4"]
transform = Transform3D(1, 0, 0, 0, 1, 0, 0, 0, 1, 4.08572, -0.0999999, 1.00103)

[node name="CSGCylinder3D" type="CSGCylinder3D" parent="Island4/Rotonda"]
transform = Transform3D(0.707107, 0, -0.707107, 0, 1, 0, 0.707107, 0, 0.707107, 0, 0, 0)
use_collision = true
radius = 3.0
height = 0.3
sides = 20
material = ExtResource("1_n7h15")

[node name="CSGCylinder3D2" type="CSGCylinder3D" parent="Island4/Rotonda"]
transform = Transform3D(0.707107, 0, -0.707107, 0, 1, 0, 0.707107, 0, 0.707107, 0, 3.7888, 0)
use_collision = true
radius = 3.0
height = 0.3
sides = 20
material = ExtResource("1_n7h15")

[node name="CSGCylinder3D3" type="CSGCylinder3D" parent="Island4/Rotonda/CSGCylinder3D2"]
operation = 2
use_collision = true
radius = 2.50096
height = 0.580668
sides = 20
material = ExtResource("1_n7h15")

[node name="CSGBox3D" type="CSGBox3D" parent="Island4/Rotonda/CSGCylinder3D2"]
transform = Transform3D(0.419674, 0, 0.907675, 0, 1, 0, -0.907675, 0, 0.419674, 0.526945, 0, -1.35561)
operation = 2
size = Vector3(1, 1, 7.49316)

[node name="CSGBox3D2" type="CSGBox3D" parent="Island4/Rotonda/CSGCylinder3D2"]
transform = Transform3D(0.93937, 0, 0.342906, 0, 1, 0, -0.342906, 0, 0.93937, 0.544101, 0, 2.29033)
operation = 2
size = Vector3(1, 1, 2.53641)

[node name="Column" type="CSGCylinder3D" parent="Island4/Rotonda"]
transform = Transform3D(-0.258819, 0, -0.965926, 0, 1, 0, 0.965926, 0, -0.258819, 2.33827, 1.8735, -1.35)
use_collision = true
radius = 0.2
height = 3.5
sides = 20
material = ExtResource("1_n7h15")

[node name="CSGBox3D" type="CSGBox3D" parent="Island4/Rotonda/Column"]
transform = Transform3D(-0.965926, -0.0856884, 0.244223, 0, 0.943605, 0.331074, -0.258819, 0.319793, -0.911452, -0.0105247, 0.550998, 0.0392714)
operation = 2
size = Vector3(1, 0.212402, 1)

[node name="Column2" type="CSGCylinder3D" parent="Island4/Rotonda"]
transform = Transform3D(-0.258819, 0, -0.965926, 0, 1, 0, 0.965926, 0, -0.258819, -2.33827, 1.8735, 1.35)
use_collision = true
radius = 0.2
height = 3.5
sides = 20
material = ExtResource("1_n7h15")

[node name="CSGBox3D" type="CSGBox3D" parent="Island4/Rotonda/Column2"]
transform = Transform3D(0.998511, 0.0530504, 0.0127233, -0.054271, 0.989683, 0.132595, -0.00555785, -0.133088, 0.991089, -0.00311661, -0.249638, 0.0078249)
operation = 2
size = Vector3(1, 0.340454, 1)

[node name="CSGBox3D2" type="CSGBox3D" parent="Island4/Rotonda/Column2"]
transform = Transform3D(-0.964281, -0.0174674, -0.264304, -0.054271, 0.989684, 0.132595, 0.259261, 0.142203, -0.955281, -0.00311279, 0.623918, 0.00782681)
operation = 2
size = Vector3(1, 0.340454, 1)

[node name="Column3" type="CSGCylinder3D" parent="Island4/Rotonda"]
transform = Transform3D(-0.965926, 0, 0.258819, 0, 1, 0, -0.258819, 0, -0.965926, 1.35, 1.8735, 2.33827)
use_collision = true
radius = 0.2
height = 3.5
sides = 20
material = ExtResource("1_n7h15")

[node name="CSGBox3D" type="CSGBox3D" parent="Island4/Rotonda/Column3"]
transform = Transform3D(1, 0, -2.83122e-07, 0, 0.943605, 0.331074, 0, -0.331074, 0.943605, -9.53674e-07, -0.103437, 0.0363007)
operation = 2
size = Vector3(1, 0.23877, 1)

[node name="CSGBox3D2" type="CSGBox3D" parent="Island4/Rotonda/Column3"]
transform = Transform3D(1, 0, -2.83122e-07, 0, 0.943605, 0.331074, 0, -0.331074, 0.943605, -1.90735e-06, 0.390235, 0.0363045)
operation = 2
size = Vector3(1, 0.23877, 1)

[node name="Column4" type="CSGCylinder3D" parent="Island4/Rotonda"]
transform = Transform3D(-0.965926, 0, 0.258819, 0, 1, 0, -0.258819, 0, -0.965926, -1.35, 1.8735, -2.33827)
use_collision = true
radius = 0.2
height = 3.5
sides = 20
material = ExtResource("1_n7h15")

[node name="CSGBox3D" type="CSGBox3D" parent="Island4/Rotonda/Column4"]
transform = Transform3D(1, 0, 0, 0, 0.943605, 0.331074, 0, -0.331074, 0.943605, 0, 0.334824, 0)
operation = 2
size = Vector3(1, 0.458008, 1)

[node name="Label3D" type="Label3D" parent="Island4"]
transform = Transform3D(0.162738, 0.50128, 0.849844, -0.0904767, 0.865279, -0.493058, -0.982512, 0.00334807, 0.186168, 3.83765, -3.76624, 3.48673)
text = "Theres no way back
lol"

[node name="Mansion" type="Node3D" parent="."]
transform = Transform3D(1, 0, 0, 0, 1, 0, 0, 0, 1, -25, 6.5, -57)

[node name="Base" type="CSGCylinder3D" parent="Mansion"]
transform = Transform3D(1, 0, 0, 0, 1, 0, 0, 0, 1, 0, 2.5, 0)
use_collision = true
radius = 12.0
height = 5.0
sides = 32
material = ExtResource("1_n7h15")

[node name="DoorFrame" parent="Mansion/Base" instance=ExtResource("8_pjjs2")]
transform = Transform3D(0.959913, 0, 0.280298, 0, 1, 0, -0.280298, 0, 0.959913, 3.70351, -1.4, 11.6619)

[node name="PrettyWindow" parent="Mansion/Base" instance=ExtResource("9_jkq8e")]
transform = Transform3D(0.882759, 0, 0.469826, 0, 1, 0, -0.469826, 0, 0.882759, 5.70015, -2.49323, 10.9705)

[node name="PrettyWindow5" parent="Mansion/Base" instance=ExtResource("9_jkq8e")]
transform = Transform3D(0.981101, 0, 0.193498, 0, 1, 0, -0.193498, 0, 0.981101, 1.65665, -2.49323, 12.269)

[node name="PrettyWindow2" parent="Mansion/Base" instance=ExtResource("9_jkq8e")]
transform = Transform3D(0.757702, 0, 0.652601, 0, 1, 0, -0.652601, 0, 0.757702, 7.36105, -2.49323, 10.019)

[node name="PrettyWindow3" parent="Mansion/Base" instance=ExtResource("9_jkq8e")]
transform = Transform3D(0.699227, 0, 0.7149, 0, 1, 0, -0.7149, 0, 0.699227, 8.87645, -2.49323, 8.71383)

[node name="PrettyWindow4" parent="Mansion/Base" instance=ExtResource("9_jkq8e")]
transform = Transform3D(0.581669, 0, 0.813426, 0, 1, 0, -0.813426, 0, 0.581669, 10.1311, -2.49323, 7.18118)

[node name="Base2" type="CSGCombiner3D" parent="Mansion"]
transform = Transform3D(1, 0, 0, 0, 1, 0, 0, 0, 1, 0.479967, 0, -1.16564)
use_collision = true

[node name="Base2" type="CSGCylinder3D" parent="Mansion/Base2"]
transform = Transform3D(1, 0, 0, 0, 1, 0, 0, 0, 1, 3, 6, -2.3)
use_collision = true
radius = 6.0
sides = 16
material = ExtResource("1_n7h15")

[node name="Base3" type="CSGCylinder3D" parent="Mansion/Base2"]
transform = Transform3D(1, 0, 0, 0, 1, 0, 0, 0, 1, -3.618, 6, 5.286)
use_collision = true
radius = 6.0
sides = 16
material = ExtResource("1_n7h15")

[node name="Base4" type="CSGCylinder3D" parent="Mansion/Base2"]
transform = Transform3D(1, 0, 0, 0, 1, 0, 0, 0, 1, -5.058, 6, -1.4)
use_collision = true
radius = 6.0
sides = 16
material = ExtResource("1_n7h15")

[node name="CSGBox3D2" type="CSGBox3D" parent="Mansion/Base2"]
transform = Transform3D(0.866016, 0.499995, -0.0045553, -0.5, 0.866025, 0, 0.00394494, 0.00227764, 0.99999, 2.4987, 5.4714, 4.65053)
size = Vector3(4, 1, 4)
material = ExtResource("1_n7h15")

[node name="CSGBox3D" type="CSGBox3D" parent="Mansion/Base2"]
transform = Transform3D(0.866016, 0.499995, -0.0045553, -0.5, 0.866025, 0, 0.00394494, 0.00227764, 0.99999, 2.21484, 6.97971, 4.64923)
operation = 2
size = Vector3(4, 1.32861, 2)
material = ExtResource("1_n7h15")

[node name="House1" type="CSGCombiner3D" parent="Mansion"]
use_collision = true

[node name="Base5" type="CSGCylinder3D" parent="Mansion/House1"]
transform = Transform3D(1, 0, 0, 0, 1, 0, 0, 0, 1, 3.43221, 9, -3.45147)
use_collision = true
radius = 3.5
height = 4.0
sides = 16
material = ExtResource("1_n7h15")

[node name="CSGBox3D" type="CSGBox3D" parent="Mansion/House1"]
transform = Transform3D(0.999889, 0, 0.0149046, 0, 1, 0, -0.0149046, 0, 0.999889, -0.885138, 9, -3.39085)
size = Vector3(8.6, 4, 7)
material = ExtResource("1_n7h15")

[node name="Base6" type="CSGCylinder3D" parent="Mansion/House1"]
transform = Transform3D(0.924998, 0, 0.379973, 0, 1, 0, -0.379973, 0, 0.924998, -5.1977, 9, -3.30306)
use_collision = true
radius = 3.5
height = 4.0
sides = 16
material = ExtResource("1_n7h15")

[node name="PrettyDoorframe" parent="Mansion/House1" instance=ExtResource("8_pjjs2")]
transform = Transform3D(0.0486928, 0, 0.998814, 0, 1, 0, -0.998814, 0, 0.0486928, 7.22728, 8.01694, -3.30841)

[node name="PrettyWindow" parent="Mansion/House1" instance=ExtResource("9_jkq8e")]
transform = Transform3D(0.499032, 0, 0.866583, 0, 1, 0, -0.866583, 0, 0.499032, 6.69389, 7.01599, -1.37257)

[node name="PrettyWindow2" parent="Mansion/House1" instance=ExtResource("9_jkq8e")]
transform = Transform3D(-0.590324, 0, 0.807166, 0, 1, 0, -0.807166, 0, -0.590324, 6.55266, 7.01599, -5.77737)

[node name="PrettyWindow3" parent="Mansion/House1" instance=ExtResource("9_jkq8e")]
transform = Transform3D(0.966075, 0, 0.258263, 0, 1, 0, -0.258263, 0, 0.966075, 4.63725, 7.01599, 0.164546)

[node name="PrettyWindow4" parent="Mansion/House1" instance=ExtResource("9_jkq8e")]
transform = Transform3D(1, 0, -0.00057596, 0, 1, 0, 0.00057596, 0, 1, 2.4582, 7.01599, 0.465244)

[node name="PrettyWindow5" parent="Mansion/House1" instance=ExtResource("9_jkq8e")]
transform = Transform3D(1, 0, -0.00057596, 0, 1, 0, 0.00057596, 0, 1, 1.54934, 7.01599, 0.464721)

[node name="PrettyWindow6" parent="Mansion/House1" instance=ExtResource("9_jkq8e")]
transform = Transform3D(1, 0, -0.00057596, 0, 1, 0, 0.00057596, 0, 1, -0.543965, 7.01599, 0.463515)

[node name="PrettyWindow7" parent="Mansion/House1" instance=ExtResource("9_jkq8e")]
transform = Transform3D(1, 0, -0.00057596, 0, 1, 0, 0.00057596, 0, 1, -1.45677, 7.01599, 0.46299)

[node name="PrettyWindow8" parent="Mansion/House1" instance=ExtResource("9_jkq8e")]
transform = Transform3D(1, 0, -0.00057596, 0, 1, 0, 0.00057596, 0, 1, -3.56457, 7.01599, 0.461776)

[node name="PrettyWindow9" parent="Mansion/House1" instance=ExtResource("9_jkq8e")]
transform = Transform3D(1, 0, -0.00057596, 0, 1, 0, 0.00057596, 0, 1, -4.47669, 7.01599, 0.46125)

[node name="PrettyWindow10" parent="Mansion/House1" instance=ExtResource("9_jkq8e")]
transform = Transform3D(0.947092, 0, -0.32096, 0, 1, 0, 0.32096, 0, 0.947092, -6.64002, 7.01599, 0.251426)

[node name="House2" type="CSGCombiner3D" parent="Mansion"]
transform = Transform3D(1, 0, 0, 0, 1, 0, 0, 0, 1, 0, 4, 0)
use_collision = true

[node name="Base5" type="CSGCylinder3D" parent="Mansion/House2"]
transform = Transform3D(1, 0, 0, 0, 1, 0, 0, 0, 1, 3.43221, 9, -3.45147)
use_collision = true
radius = 3.5
height = 4.0
sides = 16
material = ExtResource("1_n7h15")

[node name="CSGBox3D" type="CSGBox3D" parent="Mansion/House2"]
transform = Transform3D(0.999889, 0, 0.0149046, 0, 1, 0, -0.0149046, 0, 0.999889, -0.885138, 9, -3.39085)
size = Vector3(8.6, 4, 7)
material = ExtResource("1_n7h15")

[node name="Base6" type="CSGCylinder3D" parent="Mansion/House2"]
transform = Transform3D(0.924998, 0, 0.379973, 0, 1, 0, -0.379973, 0, 0.924998, -5.1977, 9, -3.30306)
use_collision = true
radius = 3.5
height = 4.0
sides = 16
material = ExtResource("1_n7h15")

[node name="PrettyDoorframe" parent="Mansion/House2" instance=ExtResource("8_pjjs2")]
transform = Transform3D(0.999991, 0, -0.00420623, 0, 1, 0, 0.00420623, 0, 0.999991, -0.966815, 8.01694, 0.510866)

[node name="PrettyWindow" parent="Mansion/House2" instance=ExtResource("9_jkq8e")]
transform = Transform3D(0.499032, 0, 0.866583, 0, 1, 0, -0.866583, 0, 0.499032, 6.69389, 7.01599, -1.37257)

[node name="PrettyWindow6" parent="Mansion/House2" instance=ExtResource("9_jkq8e")]
transform = Transform3D(-0.00111705, 0, 0.999999, 0, 1, 0, -0.999999, 0, -0.00111705, 7.22753, 7.01599, -3.54596)

[node name="PrettyWindow2" parent="Mansion/House2" instance=ExtResource("9_jkq8e")]
transform = Transform3D(-0.590324, 0, 0.807166, 0, 1, 0, -0.807166, 0, -0.590324, 6.55266, 7.01599, -5.77737)

[node name="PrettyWindow3" parent="Mansion/House2" instance=ExtResource("9_jkq8e")]
transform = Transform3D(0.966075, 0, 0.258263, 0, 1, 0, -0.258263, 0, 0.966075, 4.63725, 7.01599, 0.164546)

[node name="PrettyWindow4" parent="Mansion/House2" instance=ExtResource("9_jkq8e")]
transform = Transform3D(1, 0, -0.00057596, 0, 1, 0, 0.00057596, 0, 1, 2.4582, 7.01599, 0.465244)

[node name="PrettyWindow5" parent="Mansion/House2" instance=ExtResource("9_jkq8e")]
transform = Transform3D(1, 0, -0.00057596, 0, 1, 0, 0.00057596, 0, 1, 1.54934, 7.01599, 0.464721)

[node name="PrettyWindow8" parent="Mansion/House2" instance=ExtResource("9_jkq8e")]
transform = Transform3D(1, 0, -0.00057596, 0, 1, 0, 0.00057596, 0, 1, -3.56457, 7.01599, 0.461776)

[node name="PrettyWindow9" parent="Mansion/House2" instance=ExtResource("9_jkq8e")]
transform = Transform3D(1, 0, -0.00057596, 0, 1, 0, 0.00057596, 0, 1, -4.47669, 7.01599, 0.46125)

[node name="PrettyWindow10" parent="Mansion/House2" instance=ExtResource("9_jkq8e")]
transform = Transform3D(0.947092, 0, -0.32096, 0, 1, 0, 0.32096, 0, 0.947092, -6.64002, 7.01599, 0.251426)

[node name="LowRightStairs" type="Node3D" parent="Mansion"]
transform = Transform3D(0.99887, 0, -0.0475249, 0, 1, 0, 0.0475249, 0, 0.99887, 18.6191, 1, 1.22747)

[node name="CSGBox3D" type="CSGBox3D" parent="Mansion/LowRightStairs"]
use_collision = true
size = Vector3(3, 2, 3)
material = ExtResource("1_n7h15")

[node name="CSGBox3D3" type="CSGBox3D" parent="Mansion/LowRightStairs"]
transform = Transform3D(0.999697, 0.0237624, -0.00635993, -0.0237624, 0.866025, -0.499435, -0.00635993, 0.499435, 0.866328, -0.0645187, -0.895179, 2.74338)
use_collision = true
size = Vector3(3, 2, 4.1167)
material = ExtResource("1_n7h15")

[node name="CSGBox3D5" type="CSGBox3D" parent="Mansion/LowRightStairs/CSGBox3D3"]
transform = Transform3D(0.999708, -0.023762, -0.00635995, 0.0237624, 0.866023, 0.499435, -0.00636024, -0.499435, 0.866328, -0.0278063, -0.87151, 0.608147)
operation = 2
use_collision = true
size = Vector3(3.22437, 1.91675, 4.935)
material = ExtResource("1_n7h15")

[node name="CSGBox3D2" type="CSGBox3D" parent="Mansion/LowRightStairs"]
transform = Transform3D(0.866024, 0.499999, -0.00242598, -0.5, 0.866025, 0, 0.00210099, 0.00121299, 0.999998, -4.73707, -0.564998, -0.00748444)
use_collision = true
size = Vector3(8.01318, 5.89844, 3)
material = ExtResource("1_n7h15")

[node name="CSGBox3D4" type="CSGBox3D" parent="Mansion/LowRightStairs/CSGBox3D2"]
transform = Transform3D(0.866023, -0.5, 0.00210097, 0.499999, 0.866025, 0.00121298, -0.00242594, 3.15521e-09, 0.999998, 0.758844, -2.61616, -0.125599)
operation = 2
use_collision = true
size = Vector3(11.833, 4.51245, 3.84656)
material = ExtResource("1_n7h15")

[node name="Bg" type="Node3D" parent="."]
visible = false

[node name="CSGBox3D" type="CSGBox3D" parent="Bg"]
transform = Transform3D(1, 0, 0, 0, 1, 0, 0, 0, 1, 0, -23.1549, 0)
size = Vector3(436, 38.8154, 464)

[node name="CSGSphere3D" type="CSGSphere3D" parent="Bg/CSGBox3D"]
transform = Transform3D(1, 0, 0, 0, 1, 0, 0, 0, 1, 0, 282.006, 0)
operation = 2
radius = 291.777
radial_segments = 32
rings = 32

[node name="Spruce3" parent="Bg" instance=ExtResource("3_vbemq")]
transform = Transform3D(0.656425, 0, 0.243118, 0, 0.7, 0, -0.243118, 0, 0.656425, -131.993, -4.67065, 0.859439)
skeleton = NodePath("../../BigStone")

[node name="Spruce4" parent="Bg" instance=ExtResource("3_vbemq")]
transform = Transform3D(0.656425, 0, 0.243118, 0, 0.7, 0, -0.243118, 0, 0.656425, -142.341, -4.67065, -16.0437)
skeleton = NodePath("../../BigStone")

[node name="Spruce5" parent="Bg" instance=ExtResource("3_vbemq")]
transform = Transform3D(0.656425, 0, 0.243118, 0, 0.7, 0, -0.243118, 0, 0.656425, -130.613, -4.67065, -39.846)
skeleton = NodePath("../../BigStone")

[node name="Spruce6" parent="Bg" instance=ExtResource("3_vbemq")]
transform = Transform3D(0.656425, 0, 0.243118, 0, 0.7, 0, -0.243118, 0, 0.656425, -125.783, -4.67065, -74.6871)
skeleton = NodePath("../../BigStone")

[node name="Spruce7" parent="Bg" instance=ExtResource("3_vbemq")]
transform = Transform3D(0.656425, 0, 0.243118, 0, 0.7, 0, -0.243118, 0, 0.656425, -104.051, -4.67065, -95.0398)
skeleton = NodePath("../../BigStone")

[node name="Spruce8" parent="Bg" instance=ExtResource("3_vbemq")]
transform = Transform3D(0.656425, 0, 0.243118, 0, 0.7, 0, -0.243118, 0, 0.656425, -104.051, -4.67065, -95.0398)
skeleton = NodePath("../../BigStone")

[node name="Spruce9" parent="Bg" instance=ExtResource("3_vbemq")]
transform = Transform3D(0.656425, 0, 0.243118, 0, 0.7, 0, -0.243118, 0, 0.656425, -84.3878, -4.67065, -117.462)
skeleton = NodePath("../../BigStone")

[node name="Spruce10" parent="Bg" instance=ExtResource("3_vbemq")]
transform = Transform3D(0.656425, 0, 0.243118, 0, 0.7, 0, -0.243118, 0, 0.656425, -49.8917, -4.67065, -131.951)
skeleton = NodePath("../../BigStone")

[node name="Spruce11" parent="Bg" instance=ExtResource("3_vbemq")]
transform = Transform3D(0.656425, 0, 0.243118, 0, 0.7, 0, -0.243118, 0, 0.656425, -12.9808, -4.67065, -139.54)
skeleton = NodePath("../../BigStone")

[node name="Spruce12" parent="Bg" instance=ExtResource("3_vbemq")]
transform = Transform3D(0.656425, 0, 0.243118, 0, 0.7, 0, -0.243118, 0, 0.656425, 40.1433, -4.67065, -138.85)
skeleton = NodePath("../../BigStone")

[node name="Spruce13" parent="Bg" instance=ExtResource("3_vbemq")]
transform = Transform3D(0.656425, 0, 0.243118, 0, 0.7, 0, -0.243118, 0, 0.656425, 98.4417, -4.67065, -129.536)
skeleton = NodePath("../../BigStone")

[node name="Spruce14" parent="Bg" instance=ExtResource("3_vbemq")]
transform = Transform3D(0.656425, 0, 0.243118, 0, 0.7, 0, -0.243118, 0, 0.656425, 67.7401, -4.67065, -120.912)
skeleton = NodePath("../../BigStone")

[node name="Spruce15" parent="Bg" instance=ExtResource("3_vbemq")]
transform = Transform3D(0.656425, 0, 0.243118, 0, 0.7, 0, -0.243118, 0, 0.656425, 117.76, -4.67065, -85.0359)
skeleton = NodePath("../../BigStone")

[node name="Spruce16" parent="Bg" instance=ExtResource("3_vbemq")]
transform = Transform3D(0.656425, 0, 0.243118, 0, 0.7, 0, -0.243118, 0, 0.656425, 101.201, -4.67065, -99.5243)
skeleton = NodePath("../../BigStone")

[node name="Spruce17" parent="Bg" instance=ExtResource("3_vbemq")]
transform = Transform3D(0.656425, 0, 0.243118, 0, 0.7, 0, -0.243118, 0, 0.656425, 101.201, -4.67065, -99.5243)
skeleton = NodePath("../../BigStone")

[node name="Spruce18" parent="Bg" instance=ExtResource("3_vbemq")]
transform = Transform3D(0.656425, 0, 0.243118, 0, 0.7, 0, -0.243118, 0, 0.656425, 121.209, -4.67065, -62.2684)
skeleton = NodePath("../../BigStone")

[node name="Spruce19" parent="Bg" instance=ExtResource("3_vbemq")]
transform = Transform3D(0.572923, 0, 0.402194, 0, 0.7, 0, -0.402194, 0, 0.572923, 150.873, -4.67065, -24.2021)
skeleton = NodePath("../../BigStone")

[node name="Spruce20" parent="Bg" instance=ExtResource("3_vbemq")]
transform = Transform3D(0.572923, 0, 0.402194, 0, 0.7, 0, -0.402194, 0, 0.572923, 133.911, -4.67065, -35.7897)
skeleton = NodePath("../../BigStone")

[node name="Spruce21" parent="Bg" instance=ExtResource("3_vbemq")]
transform = Transform3D(0.572923, 0, 0.402194, 0, 0.7, 0, -0.402194, 0, 0.572923, 133.911, -4.67065, -35.7897)
skeleton = NodePath("../../BigStone")

[node name="Spruce22" parent="Bg" instance=ExtResource("3_vbemq")]
transform = Transform3D(0.656425, 0, 0.243118, 0, 0.7, 0, -0.243118, 0, 0.656425, 136.042, -4.67065, 3.27424)
skeleton = NodePath("../../BigStone")

[node name="Spruce23" parent="Bg" instance=ExtResource("3_vbemq")]
transform = Transform3D(0.656425, 0, 0.243118, 0, 0.7, 0, -0.243118, 0, 0.656425, 148.461, -4.67065, 17.7626)
skeleton = NodePath("../../BigStone")

[node name="Spruce24" parent="Bg" instance=ExtResource("3_vbemq")]
transform = Transform3D(0.656425, 0, 0.243118, 0, 0.7, 0, -0.243118, 0, 0.656425, 130.868, -4.67065, 38.4603)
skeleton = NodePath("../../BigStone")

[node name="Spruce25" parent="Bg" instance=ExtResource("3_vbemq")]
transform = Transform3D(0.656425, 0, 0.243118, 0, 0.7, 0, -0.243118, 0, 0.656425, 121.899, -4.67065, 62.9526)
skeleton = NodePath("../../BigStone")

[node name="Spruce26" parent="Bg" instance=ExtResource("3_vbemq")]
transform = Transform3D(0.656425, 0, 0.243118, 0, 0.7, 0, -0.243118, 0, 0.656425, -97.1515, -4.67065, 104.348)
skeleton = NodePath("../../BigStone")

[node name="Spruce27" parent="Bg" instance=ExtResource("3_vbemq")]
transform = Transform3D(0.656425, 0, 0.243118, 0, 0.7, 0, -0.243118, 0, 0.656425, -121.644, -4.67065, 79.8557)
skeleton = NodePath("../../BigStone")

[node name="Spruce28" parent="Bg" instance=ExtResource("3_vbemq")]
transform = Transform3D(0.656425, 0, 0.243118, 0, 0.7, 0, -0.243118, 0, 0.656425, -104.396, -4.67065, 86.065)
skeleton = NodePath("../../BigStone")

[node name="Spruce29" parent="Bg" instance=ExtResource("3_vbemq")]
transform = Transform3D(0.656425, 0, 0.243118, 0, 0.7, 0, -0.243118, 0, 0.656425, -118.539, -4.67065, 62.2626)
skeleton = NodePath("../../BigStone")

[node name="Spruce30" parent="Bg" instance=ExtResource("3_vbemq")]
transform = Transform3D(0.656425, 0, 0.243118, 0, 0.7, 0, -0.243118, 0, 0.656425, -140.272, -4.67065, 56.7433)
skeleton = NodePath("../../BigStone")

[node name="Spruce31" parent="Bg" instance=ExtResource("3_vbemq")]
transform = Transform3D(0.656425, 0, 0.243118, 0, 0.7, 0, -0.243118, 0, 0.656425, -129.578, -4.67065, 37.7704)
skeleton = NodePath("../../BigStone")

[node name="Spruce32" parent="Bg" instance=ExtResource("3_vbemq")]
transform = Transform3D(0.656425, 0, 0.243118, 0, 0.7, 0, -0.243118, 0, 0.656425, -150.966, -4.67065, 22.5921)
skeleton = NodePath("../../BigStone")

[node name="Spruce33" parent="Bg" instance=ExtResource("3_vbemq")]
transform = Transform3D(0.656425, 0, 0.243118, 0, 0.7, 0, -0.243118, 0, 0.656425, -150.966, -4.67065, 22.5921)
skeleton = NodePath("../../BigStone")

[node name="Spruce34" parent="Bg" instance=ExtResource("3_vbemq")]
transform = Transform3D(0.682821, 0, 0.154131, 0, 0.7, 0, -0.154131, 0, 0.682821, -135.107, -4.67065, -15.6498)
skeleton = NodePath("../../BigStone")

[node name="Spruce35" parent="Bg" instance=ExtResource("3_vbemq")]
transform = Transform3D(0.682821, 0, 0.154131, 0, 0.7, 0, -0.154131, 0, 0.682821, -143.129, -4.67065, -33.7735)
skeleton = NodePath("../../BigStone")

[node name="Spruce36" parent="Bg" instance=ExtResource("3_vbemq")]
transform = Transform3D(0.68282, 0, 0.154131, 0, 0.7, 0, -0.154131, 0, 0.68282, -128.354, -4.67065, -55.8148)
skeleton = NodePath("../../BigStone")

[node name="Spruce37" parent="Bg" instance=ExtResource("3_vbemq")]
transform = Transform3D(0.68282, 0, 0.154131, 0, 0.7, 0, -0.154131, 0, 0.68282, -118.957, -4.67065, -89.7106)
skeleton = NodePath("../../BigStone")

[node name="Spruce38" parent="Bg" instance=ExtResource("3_vbemq")]
transform = Transform3D(0.68282, 0, 0.154131, 0, 0.7, 0, -0.154131, 0, 0.68282, -94.7226, -4.67065, -107.009)
skeleton = NodePath("../../BigStone")

[node name="Spruce39" parent="Bg" instance=ExtResource("3_vbemq")]
transform = Transform3D(0.68282, 0, 0.154131, 0, 0.7, 0, -0.154131, 0, 0.68282, -94.7226, -4.67065, -107.009)
skeleton = NodePath("../../BigStone")

[node name="Spruce40" parent="Bg" instance=ExtResource("3_vbemq")]
transform = Transform3D(0.68282, 0, 0.154131, 0, 0.7, 0, -0.154131, 0, 0.68282, -72.266, -4.67065, -126.633)
skeleton = NodePath("../../BigStone")

[node name="Spruce41" parent="Bg" instance=ExtResource("3_vbemq")]
transform = Transform3D(0.68282, 0, 0.154131, 0, 0.7, 0, -0.154131, 0, 0.68282, -36.1562, -4.67065, -136.43)
skeleton = NodePath("../../BigStone")

[node name="Spruce42" parent="Bg" instance=ExtResource("3_vbemq")]
transform = Transform3D(0.68282, 0, 0.154131, 0, 0.7, 0, -0.154131, 0, 0.68282, 1.43429, -4.67065, -139.069)
skeleton = NodePath("../../BigStone")

[node name="Spruce43" parent="Bg" instance=ExtResource("3_vbemq")]
transform = Transform3D(0.68282, 0, 0.154131, 0, 0.7, 0, -0.154131, 0, 0.68282, 54, -4.67065, -131.356)
skeleton = NodePath("../../BigStone")

[node name="Spruce44" parent="Bg" instance=ExtResource("3_vbemq")]
transform = Transform3D(0.68282, 0, 0.154131, 0, 0.7, 0, -0.154131, 0, 0.68282, 110.554, -4.67065, -114.41)
skeleton = NodePath("../../BigStone")

[node name="Spruce45" parent="Bg" instance=ExtResource("3_vbemq")]
transform = Transform3D(0.68282, 0, 0.154131, 0, 0.7, 0, -0.154131, 0, 0.68282, 78.9809, -4.67065, -109.924)
skeleton = NodePath("../../BigStone")

[node name="Spruce46" parent="Bg" instance=ExtResource("3_vbemq")]
transform = Transform3D(0.68282, 0, 0.154131, 0, 0.7, 0, -0.154131, 0, 0.68282, 123.814, -4.67065, -67.7457)
skeleton = NodePath("../../BigStone")

[node name="Spruce47" parent="Bg" instance=ExtResource("3_vbemq")]
transform = Transform3D(0.68282, 0, 0.154131, 0, 0.7, 0, -0.154131, 0, 0.68282, 109.318, -4.67065, -84.2975)
skeleton = NodePath("../../BigStone")

[node name="Spruce48" parent="Bg" instance=ExtResource("3_vbemq")]
transform = Transform3D(0.68282, 0, 0.154131, 0, 0.7, 0, -0.154131, 0, 0.68282, 109.318, -4.67065, -84.2975)
skeleton = NodePath("../../BigStone")

[node name="Spruce49" parent="Bg" instance=ExtResource("3_vbemq")]
transform = Transform3D(0.68282, 0, 0.154131, 0, 0.7, 0, -0.154131, 0, 0.68282, 124.221, -4.67065, -44.722)
skeleton = NodePath("../../BigStone")

[node name="Spruce50" parent="Bg" instance=ExtResource("3_vbemq")]
transform = Transform3D(0.621099, 0, 0.322855, 0, 0.7, 0, -0.322855, 0, 0.621099, 154.148, -4.67065, -3.19998)
skeleton = NodePath("../../BigStone")

[node name="Spruce51" parent="Bg" instance=ExtResource("3_vbemq")]
transform = Transform3D(0.621099, 0, 0.322855, 0, 0.7, 0, -0.322855, 0, 0.621099, 138.869, -4.67065, -16.9299)
skeleton = NodePath("../../BigStone")

[node name="Spruce52" parent="Bg" instance=ExtResource("3_vbemq")]
transform = Transform3D(0.621099, 0, 0.322855, 0, 0.7, 0, -0.322855, 0, 0.621099, 138.869, -4.67065, -16.9299)
skeleton = NodePath("../../BigStone")

[node name="Spruce53" parent="Bg" instance=ExtResource("3_vbemq")]
transform = Transform3D(0.68282, 0, 0.154131, 0, 0.7, 0, -0.154131, 0, 0.68282, 130.252, -4.67065, 22.207)
skeleton = NodePath("../../BigStone")

[node name="Spruce54" parent="Bg" instance=ExtResource("3_vbemq")]
